-33.3662062	48.8164000	175.0320000
-26.1563162	49.5317000	174.5820000
-18.9464263	49.7105000	175.2780000
-11.7365363	49.1145000	175.2480000
-4.5266464	149.6380000	-177.1860000
2.6832436	102.8180000	-178.8000000
9.8931335	104.6960000	-178.9320000
17.1030235	105.2030000	-178.4100000
24.3129134	106.1270000	-178.8060000
31.5228034	107.1100000	-178.6620000
38.7326934	106.2160000	-178.6440000
45.9425833	106.7520000	-178.3560000
53.1524733	105.6500000	-178.5840000
60.3623632	105.4410000	-178.6740000
67.5722532	104.7260000	-178.5180000
74.7821431	106.2160000	-178.7700000
81.9920331	105.5900000	-178.6140000
89.2019231	105.4410000	-178.4460000
96.4118130	105.5900000	-178.6080000
103.6217030	105.3220000	-178.3680000
110.8315929	105.1730000	-179.2380000
118.0414829	104.5770000	-178.5840000
125.2513728	104.8150000	-178.6260000
132.4612628	104.6960000	-178.9800000
139.6711528	104.3980000	-178.7640000
146.8810427	104.6360000	-178.6080000
154.0909327	105.1730000	-178.8120000
161.3008226	104.4280000	-178.8420000
168.5107126	104.7560000	-178.8000000
175.7206025	104.5170000	-178.5780000
182.9304925	104.0110000	-179.0280000
190.1403825	104.0400000	-178.8840000
197.3502724	103.7720000	-178.4760000
204.5601624	103.2660000	-178.4820000
211.7700523	103.5930000	-179.0160000
218.9799423	103.1760000	-178.8540000
226.1898322	103.9510000	-178.9440000
233.3997222	103.2950000	-178.8600000
240.6096122	103.2360000	-178.7040000
247.8195021	102.9080000	-179.1360000
255.0293921	102.6400000	-178.4940000
262.2392820	102.6100000	-178.8540000
269.4491720	102.1030000	-178.7880000
276.6590619	101.6860000	-178.7520000
283.8689519	102.8480000	-178.6080000
291.0788419	102.9380000	-178.9260000
298.2887318	102.5800000	-178.6980000
305.4986218	102.4910000	-178.9860000
312.7085117	101.7460000	-179.0220000
319.9184017	101.7160000	-178.8060000
327.1282916	101.5370000	-178.5780000
334.3381816	101.8950000	-179.0640000
341.5480716	101.2090000	-178.8420000
348.7579615	101.3580000	-178.5660000
355.9678515	101.3280000	-178.9800000
363.1777414	101.0900000	-178.9620000
370.3876314	100.9410000	-179.0160000
377.5975213	100.9710000	-178.8120000
384.8074113	100.7030000	-179.1000000
392.0173013	100.5540000	-178.9380000
399.2271912	100.6730000	-178.7460000
406.4370812	100.5240000	-178.9140000
413.6469711	100.5830000	-179.2320000
420.8568611	100.1360000	-179.0640000
428.0667510	99.5402000	-178.9740000
435.2766410	100.1660000	-179.1900000
442.4865310	99.5104000	-179.2320000
449.6964209	99.6594000	-179.0040000
456.9063109	99.1528000	-178.9320000
464.1162008	99.4508000	-178.8600000
471.3260908	99.0336000	-179.2740000
478.5359807	99.3316000	-179.0640000
485.7458707	98.9740000	-179.1600000
492.9557607	98.7356000	-178.9920000
500.1656506	98.6760000	-178.9920000
507.3755406	97.8713000	-179.3100000
514.5854305	98.5567000	-179.1000000
521.7953205	98.8846000	-178.9740000
529.0052104	98.2885000	-178.9920000
536.2151004	97.8415000	-179.1240000
543.4249904	97.7819000	-179.0820000
550.6348803	97.3349000	-179.0160000
557.8447703	97.3050000	-179.1480000
565.0546602	97.1858000	-179.0160000
572.2645502	97.4839000	-178.8240000
579.4744401	97.6031000	-179.1000000
586.6843301	97.3349000	-178.8900000
593.8942200	97.1560000	-179.0160000
601.1041100	96.9176000	-179.2380000
608.3140000	97.0964000	-179.0280000
615.5238899	96.5600000	-179.0220000
622.7337799	96.6494000	-179.0940000
629.9436698	97.0368000	-179.5200000
637.1535598	95.5169000	-179.2980000
644.3634497	95.6957000	-179.3700000
651.5733397	96.1428000	-179.3040000
658.7832297	96.2620000	-179.1180000
665.9931196	96.0235000	-179.4540000
673.2030096	94.6824000	-179.3040000
680.4128995	94.5930000	-179.4660000
687.6227895	94.4738000	-179.2140000
694.8326794	94.4142000	-179.5140000
702.0425694	94.9209000	-179.2320000
709.2524594	94.6526000	-179.4780000
716.4623493	94.6824000	-179.2740000
723.6722393	94.0864000	-179.1240000
730.8821292	93.6096000	-179.4180000
738.0920192	93.9076000	-179.6880000
745.3019091	93.5500000	-179.8560000
752.5117991	93.0433000	-179.1180000
759.7216891	93.1923000	-179.3040000
766.9315790	92.6857000	-179.2260000
774.1414690	93.2519000	-179.3820000
781.3513589	92.2387000	-178.9980000
788.5612489	92.4175000	-179.4840000
795.7711388	92.5069000	-179.4840000
802.9810288	91.9704000	-179.1360000
810.1909188	91.5234000	-179.5320000
817.4008087	92.2685000	-179.6400000
824.6106987	92.2387000	-179.5260000
831.8205886	91.4936000	-178.9560000
839.0304786	91.4042000	-179.4360000
846.2403685	90.5995000	-179.5680000
853.4502585	91.1062000	-179.6880000
860.6601485	90.5995000	-179.2500000
867.8700384	90.8677000	-179.1900000
875.0799284	90.1525000	-179.6280000
882.2898183	90.5399000	-179.5140000
889.4997083	90.0035000	-179.5320000
896.7095982	89.8545000	-179.3700000
903.9194882	90.3909000	-179.6400000
911.1293782	89.8843000	-179.5740000
918.3392681	89.6459000	-179.6940000
925.5491581	89.1988000	-179.3220000
932.7590480	89.5862000	-179.2200000
939.9689380	89.3478000	-179.4780000
947.1788279	88.9902000	-179.4780000
954.3887179	88.4538000	-179.5020000
961.5986079	88.3644000	-179.5680000
968.8084978	88.9604000	-179.8920000
976.0183878	88.7816000	-179.6220000
983.2282777	88.6922000	-179.8200000
990.4381677	88.0961000	-179.6220000
997.6480576	88.2749000	-179.6520000
1004.8579476	87.8279000	-179.7720000
1012.0678376	87.7683000	-179.2740000
1019.2777275	87.1723000	179.9460000
1026.4876175	87.7087000	-179.9100000
1033.6975074	87.3809000	-179.9460000
1040.9073974	87.2915000	-179.7060000
1048.1172873	87.8577000	-179.3280000
1055.3271773	86.9338000	-179.6400000
1062.5370673	86.3378000	-179.6760000
1069.7469572	86.6656000	-179.8380000
1076.9568472	87.0530000	-179.5380000
1084.1667371	86.3378000	-179.5260000
1091.3766271	86.5464000	-179.8680000
1098.5865170	86.6358000	-179.8380000
1105.7964070	86.2484000	-179.7660000
1113.0062970	86.5166000	-179.8560000
1120.2161869	86.1590000	-179.5560000
1127.4260769	86.6060000	-179.6460000
1134.6359668	86.3974000	-179.5140000
1141.8458568	85.5033000	179.5860000
1149.0557467	85.8610000	179.8560000
1156.2656367	85.0563000	-179.7420000
1163.4755266	85.6821000	-179.8080000
1170.6854166	85.2053000	179.6880000
1177.8953066	85.3245000	179.9760000
1185.1051965	85.0861000	179.9640000
1192.3150865	84.6689000	-179.9640000
1199.5249764	85.5033000	179.8440000
1206.7348664	85.0265000	-179.9460000
1213.9447563	84.4602000	-179.7600000
1221.1546463	85.0563000	-179.7960000
1228.3645363	84.8179000	-179.7660000
1235.5744262	84.7583000	-179.7720000
1242.7843162	84.3410000	179.9100000
1249.9942061	84.1026000	-179.9220000
1257.2040961	83.5662000	179.9460000
1264.4139860	83.6556000	-179.5080000
1271.6238760	83.7450000	-179.9100000
1278.8337660	83.6556000	-179.9640000
1286.0436559	83.4768000	-179.8200000
1293.2535459	83.9536000	179.7480000
1300.4634358	83.0893000	179.7000000
1307.6733258	82.8509000	-179.9220000
1314.8832157	82.3741000	179.6520000
1322.0931057	82.9999000	179.5740000
1329.3029957	82.6721000	179.9100000
1336.5128856	82.9105000	-179.9880000
1343.7227756	82.2549000	179.8020000
1350.9326655	82.4933000	-179.9280000
1358.1425555	82.0761000	-179.8140000
1365.3524454	82.0165000	179.9520000
1372.5623354	82.2847000	-179.6160000
1379.7722254	81.5992000	179.6160000
1386.9821153	81.9569000	-179.8260000
1394.1920053	82.1655000	-179.7900000
1401.4018952	81.7780000	179.6820000
