-33.3662062	49.4125000	174.8760000
-26.1563162	49.4423000	174.9000000
-18.9464263	48.9953000	174.4560000
-11.7365363	49.4423000	174.2280000
-4.5266464	149.1020000	-177.0600000
2.6832436	103.9810000	-178.9740000
9.8931335	105.4710000	-178.7700000
17.1030235	106.1270000	-178.7520000
24.3129134	106.0670000	-178.5180000
31.5228034	106.6030000	-178.7640000
38.7326934	106.5140000	-178.5480000
45.9425833	106.9310000	-178.8120000
53.1524733	106.0970000	-178.9740000
60.3623632	106.5140000	-178.6740000
67.5722532	105.5300000	-178.9500000
74.7821431	104.9640000	-178.6020000
81.9920331	105.6500000	-178.8600000
89.2019231	105.5900000	-178.8900000
96.4118130	104.9340000	-178.6080000
103.6217030	105.4410000	-178.8660000
110.8315929	105.4410000	-178.7220000
118.0414829	103.9210000	-178.9260000
125.2513728	105.0240000	-178.5660000
132.4612628	104.6660000	-178.7580000
139.6711528	104.5770000	-178.7040000
146.8810427	104.2790000	-178.5540000
154.0909327	104.3980000	-178.7280000
161.3008226	104.2190000	-179.0220000
168.5107126	103.9810000	-178.8060000
175.7206025	103.8910000	-179.0820000
182.9304925	103.9510000	-178.7040000
190.1403825	103.7130000	-178.7040000
197.3502724	103.7420000	-178.7400000
204.5601624	103.2060000	-178.7400000
211.7700523	103.1760000	-178.8240000
218.9799423	103.0570000	-178.6860000
226.1898322	102.9670000	-178.8960000
233.3997222	102.9970000	-178.9980000
240.6096122	102.8480000	-178.8600000
247.8195021	102.6400000	-178.8360000
255.0293921	102.7590000	-178.8960000
262.2392820	102.9970000	-178.8120000
269.4491720	103.2360000	-178.7520000
276.6590619	102.5500000	-178.6380000
283.8689519	102.3710000	-178.5720000
291.0788419	102.1330000	-178.7460000
298.2887318	102.4010000	-178.5840000
305.4986218	102.0440000	-179.0280000
312.7085117	102.4310000	-178.9740000
319.9184017	102.1330000	-178.9440000
327.1282916	101.7750000	-178.7640000
334.3381816	101.4480000	-178.9560000
341.5480716	101.5670000	-178.7400000
348.7579615	101.2390000	-178.8120000
355.9678515	101.5370000	-178.8600000
363.1777414	100.9410000	-178.8960000
370.3876314	101.5370000	-179.0160000
377.5975213	101.0600000	-179.1000000
384.8074113	100.8520000	-178.8180000
392.0173013	100.7620000	-179.0520000
399.2271912	100.5830000	-178.9380000
406.4370812	100.3750000	-178.8000000
413.6469711	100.1360000	-179.0820000
420.8568611	100.2850000	-179.0400000
428.0667510	99.7488000	-178.7760000
435.2766410	99.8084000	-178.8120000
442.4865310	99.4806000	-178.9080000
449.6964209	99.2124000	-178.7280000
456.9063109	99.4508000	-178.6080000
464.1162008	98.9740000	-179.2440000
471.3260908	99.1528000	-179.3160000
478.5359807	98.7058000	-178.7700000
485.7458707	98.7356000	-179.0880000
492.9557607	98.5567000	-178.8960000
500.1656506	98.4673000	-178.9740000
507.3755406	98.3183000	-178.7700000
514.5854305	98.6164000	-179.2740000
521.7953205	97.5137000	-179.2260000
529.0052104	97.4541000	-178.8960000
536.2151004	97.6329000	-179.0580000
543.4249904	97.5733000	-178.8360000
550.6348803	97.6031000	-179.2680000
557.8447703	96.9176000	-178.8540000
565.0546602	97.1262000	-179.1960000
572.2645502	97.0070000	-179.0280000
579.4744401	96.1726000	-178.9200000
586.6843301	96.0235000	-179.1720000
593.8942200	95.9043000	-179.2500000
601.1041100	96.3812000	-179.0760000
608.3140000	96.0534000	-179.1420000
615.5238899	96.5302000	-179.2980000
622.7337799	96.0235000	-179.0160000
629.9436698	95.3381000	-179.3880000
637.1535598	95.6659000	-179.0700000
644.3634497	95.5765000	-179.3400000
651.5733397	95.1593000	-179.2800000
658.7832297	94.8315000	-179.1540000
665.9931196	94.3546000	-178.9980000
673.2030096	94.0566000	-179.1960000
680.4128995	94.6824000	-179.3640000
687.6227895	94.1460000	-178.9680000
694.8326794	93.5202000	-179.1300000
702.0425694	94.0268000	-179.2380000
709.2524594	93.2221000	-179.3940000
716.4623493	93.0433000	-179.4360000
723.6722393	93.1923000	-179.3220000
730.8821292	93.3115000	-179.1720000
738.0920192	93.2519000	-179.1720000
745.3019091	93.4009000	-179.3220000
752.5117991	93.1029000	-179.4060000
759.7216891	92.6857000	-179.6220000
766.9315790	92.9539000	-178.8000000
774.1414690	92.6261000	-179.5560000
781.3513589	92.7453000	-179.4540000
788.5612489	92.2089000	-179.2620000
795.7711388	92.0896000	-179.4060000
802.9810288	91.9704000	-179.4060000
810.1909188	91.7916000	-179.4360000
817.4008087	92.3281000	-179.8020000
824.6106987	91.6426000	-179.1780000
831.8205886	91.1658000	-179.5320000
839.0304786	90.8379000	-179.1300000
846.2403685	91.4936000	-179.2080000
853.4502585	90.9572000	-179.4960000
860.6601485	91.4638000	-179.6460000
867.8700384	91.1360000	-179.4780000
875.0799284	90.5399000	-179.3340000
882.2898183	90.7485000	-179.2080000
889.4997083	90.8379000	-179.6460000
896.7095982	90.5995000	-179.2440000
903.9194882	90.1525000	-179.2680000
911.1293782	90.4505000	-179.8740000
918.3392681	89.9439000	-179.5980000
925.5491581	90.1227000	-179.4360000
932.7590480	90.1227000	-179.4060000
939.9689380	89.0200000	-179.7660000
947.1788279	89.6757000	-179.6820000
954.3887179	88.9008000	-179.8740000
961.5986079	89.0200000	-179.6580000
968.8084978	89.0200000	-179.1300000
976.0183878	88.6624000	-179.5500000
983.2282777	88.9008000	-179.7120000
990.4381677	88.6922000	-179.6580000
997.6480576	88.4240000	-179.7000000
1004.8579476	88.3345000	-179.5140000
1012.0678376	87.7683000	-179.5560000
1019.2777275	87.4107000	-179.2260000
1026.4876175	87.8875000	-179.5440000
1033.6975074	86.5762000	-179.6820000
1040.9073974	87.3511000	-179.9100000
1048.1172873	87.4107000	-179.7300000
1055.3271773	87.2915000	-179.9460000
1062.5370673	86.9338000	-179.7360000
1069.7469572	87.2915000	-179.6940000
1076.9568472	86.9338000	-179.5860000
1084.1667371	86.5762000	-179.3940000
1091.3766271	86.3676000	-179.8260000
1098.5865170	86.3378000	-179.8800000
1105.7964070	86.7848000	-179.9880000
1113.0062970	86.5762000	-179.8380000
1120.2161869	86.2484000	179.9760000
1127.4260769	85.8908000	-179.7000000
1134.6359668	86.1590000	-179.4360000
1141.8458568	86.1888000	-179.3220000
1149.0557467	85.6225000	-179.4660000
1156.2656367	86.5464000	-179.9220000
1163.4755266	85.8312000	-179.5320000
1170.6854166	85.9206000	-179.9760000
1177.8953066	85.6821000	-179.6880000
1185.1051965	85.2053000	-179.7540000
1192.3150865	85.2351000	-179.7960000
1199.5249764	84.5199000	-179.6640000
1206.7348664	84.7881000	179.7840000
1213.9447563	85.2053000	180.0000000
1221.1546463	84.9967000	-179.7300000
1228.3645363	84.9967000	-179.6940000
1235.5744262	85.0563000	-179.7540000
1242.7843162	84.6093000	179.8200000
1249.9942061	84.3112000	-179.4120000
1257.2040961	84.4602000	179.7720000
1264.4139860	83.7748000	-179.9880000
1271.6238760	84.2516000	-179.8080000
1278.8337660	83.4768000	179.9760000
1286.0436559	84.3410000	179.9100000
1293.2535459	83.3278000	179.6700000
1300.4634358	83.8344000	179.7240000
1307.6733258	83.5364000	179.9880000
1314.8832157	83.5960000	179.9100000
1322.0931057	83.0893000	-179.7480000
1329.3029957	82.4337000	179.9160000
1336.5128856	83.0595000	179.7480000
1343.7227756	82.4933000	180.0000000
1350.9326655	82.5827000	179.8860000
1358.1425555	82.3145000	179.7900000
1365.3524454	82.1655000	-179.8500000
1372.5623354	82.1059000	179.9640000
1379.7722254	81.9569000	179.9520000
1386.9821153	81.7780000	179.8500000
1394.1920053	81.5992000	179.9040000
1401.4018952	82.4039000	179.3760000
