-33.3662062	47.6243000	177.8340000
-26.1563162	47.8628000	177.4260000
-18.9464263	47.6839000	177.1320000
-11.7365363	48.0118000	177.8880000
-4.5266464	149.4890000	-176.3280000
2.6832436	101.5970000	-177.9840000
9.8931335	102.7890000	-177.3180000
17.1030235	104.8750000	-177.7500000
24.3129134	104.7560000	-177.4560000
31.5228034	104.9340000	-177.4740000
38.7326934	105.0240000	-177.5160000
45.9425833	105.3520000	-177.5340000
53.1524733	105.1130000	-177.5820000
60.3623632	104.3680000	-177.8340000
67.5722532	104.9050000	-177.3360000
74.7821431	104.6660000	-177.3420000
81.9920331	104.1000000	-177.5040000
89.2019231	104.3090000	-177.2220000
96.4118130	104.2790000	-177.5400000
103.6217030	103.3550000	-177.4620000
110.8315929	104.5170000	-177.2580000
118.0414829	104.6660000	-177.3840000
125.2513728	104.8450000	-176.9640000
132.4612628	103.3850000	-177.4260000
139.6711528	103.9810000	-177.0660000
146.8810427	104.3090000	-177.1440000
154.0909327	104.1600000	-176.8320000
161.3008226	105.0830000	-176.5620000
168.5107126	105.2030000	-176.7480000
175.7206025	104.1600000	-176.3040000
182.9304925	104.7850000	-176.6460000
190.1403825	104.9940000	-176.9400000
197.3502724	104.6660000	-176.7960000
204.5601624	103.9510000	-176.5800000
211.7700523	103.3550000	-176.9400000
218.9799423	105.5900000	-176.6460000
226.1898322	104.4580000	-176.6340000
233.3997222	104.8450000	-176.4420000
240.6096122	104.1890000	-176.7120000
247.8195021	104.1600000	-176.6640000
255.0293921	104.0110000	-176.7480000
262.2392820	104.3980000	-176.6580000
269.4491720	103.6830000	-176.8620000
276.6590619	103.2060000	-176.9640000
283.8689519	102.8180000	-176.9160000
291.0788419	103.4150000	-176.9880000
298.2887318	104.4580000	-176.6220000
305.4986218	103.5040000	-176.6340000
312.7085117	103.2950000	-177.0480000
319.9184017	103.3250000	-176.6760000
327.1282916	103.0570000	-176.7060000
334.3381816	102.7290000	-176.6460000
341.5480716	102.8180000	-176.9100000
348.7579615	102.0140000	-176.6760000
355.9678515	102.2220000	-176.5860000
363.1777414	102.6100000	-176.8980000
370.3876314	102.1330000	-176.5680000
377.5975213	102.4010000	-176.7780000
384.8074113	102.1030000	-176.8920000
392.0173013	102.4910000	-176.5020000
399.2271912	102.5500000	-176.4240000
406.4370812	102.0730000	-176.6820000
413.6469711	102.2520000	-176.7360000
420.8568611	102.4910000	-176.8320000
428.0667510	101.9840000	-176.8020000
435.2766410	101.2690000	-176.8020000
442.4865310	100.9410000	-177.1680000
449.6964209	100.6430000	-176.9400000
456.9063109	99.9873000	-177.2700000
464.1162008	99.8680000	-177.7920000
471.3260908	99.6296000	-177.6900000
478.5359807	98.8250000	-177.7800000
485.7458707	99.0038000	-177.6120000
492.9557607	99.6296000	-177.1440000
500.1656506	99.7190000	-176.9820000
507.3755406	100.2550000	-176.8620000
514.5854305	99.9873000	-176.9220000
521.7953205	99.6594000	-176.9040000
529.0052104	99.9575000	-176.6940000
536.2151004	99.4210000	-177.0180000
543.4249904	100.0170000	-177.1860000
550.6348803	99.3018000	-176.8200000
557.8447703	98.6164000	-177.1380000
565.0546602	97.8117000	-177.4680000
572.2645502	97.3349000	-177.8160000
579.4744401	96.8878000	-177.5820000
586.6843301	98.4971000	-177.1800000
593.8942200	98.8846000	-177.2880000
601.1041100	97.9011000	-176.8620000
608.3140000	98.3481000	-176.7960000
615.5238899	96.7686000	-177.4200000
622.7337799	97.7819000	-177.2460000
629.9436698	96.6196000	-177.8340000
637.1535598	96.5302000	-177.4740000
644.3634497	96.4706000	-178.0500000
651.5733397	96.4706000	-178.0440000
658.7832297	95.8745000	-177.9600000
665.9931196	96.4408000	-178.3380000
673.2030096	95.6063000	-178.5720000
680.4128995	95.1891000	-178.0560000
687.6227895	95.5467000	-177.9300000
694.8326794	95.2487000	-178.0020000
702.0425694	95.7255000	-177.7080000
709.2524594	95.2487000	-177.9660000
716.4623493	94.8017000	-177.6240000
723.6722393	95.1295000	-178.1040000
730.8821292	94.5334000	-178.2600000
738.0920192	95.0997000	-178.3740000
745.3019091	94.6228000	-178.0440000
752.5117991	94.3248000	-178.2180000
759.7216891	94.7420000	-177.6120000
766.9315790	95.4871000	-177.4800000
774.1414690	94.8315000	-177.4620000
781.3513589	94.8017000	-177.2460000
788.5612489	93.9672000	-177.5100000
795.7711388	94.1162000	-177.3900000
802.9810288	93.9374000	-177.5520000
810.1909188	95.8447000	-176.8620000
817.4008087	93.6692000	-178.1160000
824.6106987	93.6394000	-177.2880000
831.8205886	94.3546000	-177.3480000
839.0304786	94.8911000	-176.8080000
846.2403685	94.0566000	-177.2220000
853.4502585	94.0268000	-177.0660000
860.6601485	93.2519000	-177.0240000
867.8700384	94.2354000	-176.8380000
875.0799284	92.8049000	-176.9760000
882.2898183	93.7884000	-176.9520000
889.4997083	94.0268000	-177.0660000
896.7095982	93.0731000	-177.2520000
903.9194882	93.4009000	-176.6880000
911.1293782	93.6990000	-177.2280000
918.3392681	93.3711000	-177.3120000
925.5491581	92.7751000	-177.1500000
932.7590480	93.1029000	-176.6580000
939.9689380	92.6261000	-177.1500000
947.1788279	92.5367000	-177.1440000
954.3887179	92.4473000	-176.9160000
961.5986079	92.3877000	-177.0840000
968.8084978	91.7320000	-176.9460000
976.0183878	91.7916000	-177.1800000
983.2282777	91.7320000	-177.0840000
990.4381677	91.8810000	-177.3000000
997.6480576	91.4936000	-177.4740000
1004.8579476	91.3148000	-177.0900000
1012.0678376	91.5532000	-177.2760000
1019.2777275	92.1790000	-177.5340000
1026.4876175	90.9572000	-177.4200000
1033.6975074	90.9870000	-177.2820000
1040.9073974	91.4936000	-177.0420000
1048.1172873	90.5101000	-177.2280000
1055.3271773	89.9737000	-177.5280000
1062.5370673	89.9737000	-177.4980000
1069.7469572	88.4538000	-178.3080000
1076.9568472	88.0663000	-178.4160000
1084.1667371	88.6922000	-178.5600000
1091.3766271	87.5001000	-178.7340000
1098.5865170	87.7385000	-178.8600000
1105.7964070	89.2882000	-177.3180000
1113.0062970	89.7055000	-177.1560000
1120.2161869	89.4372000	-177.2760000
1127.4260769	89.8545000	-177.3780000
1134.6359668	89.6160000	-177.0000000
1141.8458568	88.6028000	-177.1080000
1149.0557467	89.1690000	-177.3360000
1156.2656367	88.5730000	-177.3240000
1163.4755266	88.8412000	-177.3420000
1170.6854166	88.9008000	-177.2520000
1177.8953066	88.4836000	-177.2700000
1185.1051965	88.0663000	-177.4620000
1192.3150865	87.8875000	-177.7080000
1199.5249764	88.1855000	-177.5280000
1206.7348664	88.3942000	-177.4500000
1213.9447563	87.8279000	-177.3060000
1221.1546463	87.5001000	-177.4140000
1228.3645363	88.0663000	-177.3300000
1235.5744262	88.3345000	-176.9700000
1242.7843162	87.2021000	-177.1200000
1249.9942061	87.3511000	-177.1500000
1257.2040961	87.0232000	-177.7800000
1264.4139860	87.3511000	-177.1380000
1271.6238760	86.8444000	-177.0660000
1278.8337660	86.3378000	-177.1920000
1286.0436559	86.2484000	-177.3900000
1293.2535459	86.3676000	-176.9280000
1300.4634358	86.1888000	-177.1740000
1307.6733258	85.9504000	-177.4440000
1314.8832157	86.0994000	-177.5160000
1322.0931057	86.1590000	-177.5700000
1329.3029957	85.8610000	-177.4440000
1336.5128856	86.1590000	-177.3180000
1343.7227756	85.8312000	-177.1740000
1350.9326655	85.3841000	-177.5520000
1358.1425555	85.4735000	-177.2160000
1365.3524454	85.5629000	-177.6240000
1372.5623354	85.2947000	-177.7500000
1379.7722254	85.5033000	-177.6540000
1386.9821153	84.8775000	-177.5880000
1394.1920053	85.3543000	-177.4320000
1401.4018952	84.6093000	-177.5880000
