-33.3662062	50.2469000	174.3840000
-26.1563162	50.5748000	174.6780000
-18.9464263	49.1443000	174.6300000
-11.7365363	50.2469000	174.2100000
-4.5266464	152.7080000	-177.1500000
2.6832436	104.2490000	-179.0820000
9.8931335	106.5140000	-178.5780000
17.1030235	107.0210000	-178.6680000
24.3129134	107.9740000	-178.8240000
31.5228034	108.2720000	-178.4400000
38.7326934	107.5870000	-178.5120000
45.9425833	108.0040000	-178.6500000
53.1524733	107.5870000	-178.7220000
60.3623632	106.0670000	-178.6560000
67.5722532	106.8420000	-178.7760000
74.7821431	106.1860000	-178.6740000
81.9920331	106.1270000	-178.7580000
89.2019231	105.9480000	-178.6680000
96.4118130	105.9480000	-178.5420000
103.6217030	105.8580000	-178.7280000
110.8315929	105.8580000	-179.0460000
118.0414829	105.6800000	-178.3800000
125.2513728	104.9340000	-178.7100000
132.4612628	105.1430000	-178.9920000
139.6711528	104.9050000	-178.7880000
146.8810427	104.3980000	-178.7760000
154.0909327	104.6070000	-179.0880000
161.3008226	104.9050000	-178.8900000
168.5107126	104.2490000	-178.9620000
175.7206025	103.8910000	-178.8060000
182.9304925	104.1890000	-178.8180000
190.1403825	103.5640000	-178.8180000
197.3502724	103.5640000	-178.5180000
204.5601624	103.1460000	-178.8240000
211.7700523	102.9080000	-178.5300000
218.9799423	103.1760000	-178.6320000
226.1898322	103.1170000	-178.6320000
233.3997222	102.8180000	-178.8600000
240.6096122	102.6690000	-178.7520000
247.8195021	101.9240000	-178.7160000
255.0293921	102.2520000	-178.9800000
262.2392820	102.2220000	-178.9920000
269.4491720	101.9540000	-178.9860000
276.6590619	102.2220000	-178.9980000
283.8689519	101.5670000	-179.1240000
291.0788419	101.5670000	-178.6380000
298.2887318	101.5670000	-178.5840000
305.4986218	101.3580000	-178.8420000
312.7085117	101.0900000	-178.8120000
319.9184017	101.3280000	-179.0880000
327.1282916	100.5240000	-179.0760000
334.3381816	100.7920000	-179.1060000
341.5480716	100.6730000	-179.0700000
348.7579615	100.6430000	-179.2860000
355.9678515	100.7920000	-178.4940000
363.1777414	100.0170000	-178.8960000
370.3876314	100.1060000	-178.8180000
377.5975213	100.1060000	-178.5240000
384.8074113	99.1528000	-178.8480000
392.0173013	99.4508000	-178.9620000
399.2271912	99.3912000	-179.0220000
406.4370812	99.5402000	-178.7520000
413.6469711	99.0634000	-178.8720000
420.8568611	98.3481000	-178.8240000
428.0667510	99.1230000	-179.0160000
435.2766410	98.7058000	-179.1180000
442.4865310	98.7654000	-179.0040000
449.6964209	98.7058000	-179.1120000
456.9063109	97.9607000	-179.0280000
464.1162008	97.9607000	-179.1720000
471.3260908	98.0203000	-179.0220000
478.5359807	98.2885000	-179.2500000
485.7458707	97.9607000	-179.1600000
492.9557607	97.9309000	-179.1540000
500.1656506	97.6329000	-179.0340000
507.3755406	97.4243000	-179.2140000
514.5854305	97.0666000	-179.0580000
521.7953205	97.1262000	-179.2440000
529.0052104	96.3514000	-179.1600000
536.2151004	97.0666000	-178.8360000
543.4249904	96.6196000	-179.0700000
550.6348803	96.6196000	-178.8120000
557.8447703	96.1726000	-179.0580000
565.0546602	96.4706000	-179.1180000
572.2645502	95.6063000	-178.9140000
579.4744401	95.3381000	-179.2260000
586.6843301	94.5632000	-179.3520000
593.8942200	95.0699000	-179.4360000
601.1041100	94.7420000	-179.2500000
608.3140000	94.2652000	-179.0400000
615.5238899	94.7420000	-179.1720000
622.7337799	94.5036000	-179.4420000
629.9436698	94.1758000	-179.1600000
637.1535598	94.0864000	-179.1960000
644.3634497	94.3546000	-179.3520000
651.5733397	93.4904000	-178.8960000
658.7832297	93.4009000	-179.2320000
665.9931196	93.0135000	-178.9860000
673.2030096	93.1029000	-179.1780000
680.4128995	93.2817000	-179.1300000
687.6227895	93.3711000	-179.3580000
694.8326794	92.3281000	-179.5860000
702.0425694	92.2685000	-179.4540000
709.2524594	92.9837000	-179.3400000
716.4623493	92.7751000	-178.9800000
723.6722393	92.3877000	-179.0880000
730.8821292	92.7453000	-179.2380000
738.0920192	92.5963000	-179.6880000
745.3019091	92.0598000	-178.9320000
752.5117991	92.8049000	-179.0340000
759.7216891	92.2685000	-179.2140000
766.9315790	92.6857000	-179.6280000
774.1414690	92.4473000	-179.4240000
781.3513589	91.9108000	-179.0640000
788.5612489	92.0896000	-179.3880000
795.7711388	92.2983000	-179.5560000
802.9810288	91.4042000	-179.5620000
810.1909188	91.5830000	-179.3940000
817.4008087	91.5532000	-179.2500000
824.6106987	91.5830000	-179.2380000
831.8205886	91.6426000	-179.8860000
839.0304786	92.1194000	-179.2740000
846.2403685	90.8081000	-179.6100000
853.4502585	91.2850000	-179.7060000
860.6601485	91.2254000	-179.6160000
867.8700384	91.2254000	-179.3520000
875.0799284	90.9274000	-179.5620000
882.2898183	91.1062000	-179.7360000
889.4997083	90.6889000	-179.5080000
896.7095982	91.3744000	-179.3400000
903.9194882	90.8677000	-179.3400000
911.1293782	90.9274000	-179.4960000
918.3392681	90.8379000	-179.3820000
925.5491581	90.3909000	-179.7180000
932.7590480	90.5101000	-179.6940000
939.9689380	89.7651000	-179.6280000
947.1788279	90.1823000	-179.4720000
954.3887179	90.2419000	-179.7600000
961.5986079	89.5266000	-179.9580000
968.8084978	89.3478000	-179.7420000
976.0183878	90.1227000	-179.5320000
983.2282777	89.3180000	-179.4540000
990.4381677	88.7816000	-179.6160000
997.6480576	89.5564000	-179.8080000
1004.8579476	89.1988000	-179.6160000
1012.0678376	89.3776000	-179.7660000
1019.2777275	88.6922000	-179.6460000
1026.4876175	89.4074000	-179.9160000
1033.6975074	88.9008000	-179.4960000
1040.9073974	88.2749000	-179.7960000
1048.1172873	88.6922000	-179.7660000
1055.3271773	88.6922000	-179.7120000
1062.5370673	88.3345000	179.9160000
1069.7469572	88.0067000	-179.6100000
1076.9568472	88.3047000	-179.6520000
1084.1667371	87.7683000	-179.7300000
1091.3766271	87.4703000	-179.9340000
1098.5865170	87.7087000	-179.3580000
1105.7964070	87.2021000	-179.8020000
1113.0062970	86.7848000	-179.5080000
1120.2161869	87.0829000	179.9580000
1127.4260769	87.1723000	-179.7360000
1134.6359668	86.6656000	-179.8140000
1141.8458568	86.6656000	-179.7720000
1149.0557467	86.4570000	-179.5920000
1156.2656367	86.2484000	-179.9460000
1163.4755266	86.3974000	-179.6160000
1170.6854166	86.3378000	179.9580000
1177.8953066	85.5033000	179.9580000
1185.1051965	86.2186000	-179.8800000
1192.3150865	85.7417000	179.8140000
1199.5249764	85.8014000	179.7540000
1206.7348664	85.9802000	-179.8140000
1213.9447563	85.8312000	-179.8320000
1221.1546463	84.8775000	180.0000000
1228.3645363	84.8179000	-179.5980000
1235.5744262	84.8179000	-179.8440000
1242.7843162	84.8775000	179.8560000
1249.9942061	84.3708000	-179.8740000
1257.2040961	84.4006000	179.9640000
1264.4139860	83.9238000	179.5260000
1271.6238760	84.2814000	179.8980000
1278.8337660	84.1026000	179.8980000
1286.0436559	84.2218000	-179.8440000
1293.2535459	83.1787000	179.8260000
1300.4634358	83.5364000	179.9880000
1307.6733258	83.2384000	179.7000000
1314.8832157	82.9403000	-179.7840000
1322.0931057	82.9105000	-179.7000000
1329.3029957	82.7615000	179.6880000
1336.5128856	82.5231000	179.7360000
1343.7227756	83.1489000	-179.8260000
1350.9326655	82.2847000	-179.8860000
1358.1425555	82.0463000	179.9760000
1365.3524454	82.2847000	179.9280000
1372.5623354	82.1655000	179.9160000
1379.7722254	82.5529000	179.7000000
1386.9821153	82.3145000	-179.9160000
1394.1920053	81.4204000	179.5320000
1401.4018952	81.0926000	179.5440000
