-33.3662062	50.7536000	179.1000000
-26.1563162	50.3662000	179.9820000
-18.9464263	50.9920000	179.6460000
-11.7365363	50.7834000	-179.9220000
-4.5266464	153.4230000	-175.6680000
2.6832436	105.0240000	-176.7420000
9.8931335	107.6170000	-176.6460000
17.1030235	108.5700000	-176.7360000
24.3129134	108.8090000	-176.8320000
31.5228034	109.7030000	-176.5140000
38.7326934	109.4640000	-176.8080000
45.9425833	108.8090000	-176.5980000
53.1524733	108.5410000	-176.5980000
60.3623632	108.5410000	-176.4120000
67.5722532	108.3620000	-176.8200000
74.7821431	108.2720000	-176.6160000
81.9920331	108.7490000	-176.8200000
89.2019231	108.1230000	-176.4720000
96.4118130	108.3320000	-176.5500000
103.6217030	107.6760000	-176.9220000
110.8315929	108.4810000	-176.8380000
118.0414829	107.3480000	-176.7240000
125.2513728	107.3780000	-176.5500000
132.4612628	107.1990000	-176.7060000
139.6711528	107.1990000	-176.4660000
146.8810427	107.1100000	-176.9040000
154.0909327	107.3190000	-176.6940000
161.3008226	107.3480000	-176.4300000
168.5107126	106.6630000	-176.7660000
175.7206025	106.6930000	-176.3820000
182.9304925	106.7230000	-176.5500000
190.1403825	107.7060000	-176.6100000
197.3502724	106.6930000	-176.9520000
204.5601624	106.1560000	-176.4240000
211.7700523	106.2460000	-176.5980000
218.9799423	106.3050000	-176.9100000
226.1898322	107.1100000	-176.6460000
233.3997222	106.0670000	-176.7900000
240.6096122	105.7990000	-176.6640000
247.8195021	105.9480000	-176.7240000
255.0293921	106.0970000	-176.6100000
262.2392820	105.8580000	-176.6400000
269.4491720	105.4410000	-176.8020000
276.6590619	104.8750000	-176.8440000
283.8689519	105.2030000	-176.5560000
291.0788419	105.2320000	-176.5440000
298.2887318	105.3220000	-176.8320000
305.4986218	104.9340000	-176.7840000
312.7085117	105.5900000	-176.6940000
319.9184017	105.5600000	-176.7780000
327.1282916	104.4870000	-176.6820000
334.3381816	104.1000000	-176.9100000
341.5480716	104.4580000	-176.8740000
348.7579615	104.3090000	-176.6400000
355.9678515	103.9510000	-176.6040000
363.1777414	103.6830000	-176.8320000
370.3876314	104.0400000	-176.7660000
377.5975213	104.2190000	-176.6340000
384.8074113	104.1000000	-176.7900000
392.0173013	103.1170000	-176.8320000
399.2271912	102.6400000	-176.5740000
406.4370812	103.2660000	-176.7660000
413.6469711	103.5340000	-177.1020000
420.8568611	103.2950000	-177.1560000
428.0667510	102.8480000	-176.5740000
435.2766410	102.9380000	-176.7840000
442.4865310	102.3710000	-176.8920000
449.6964209	102.2220000	-176.7300000
456.9063109	102.2820000	-176.6160000
464.1162008	101.6260000	-176.8680000
471.3260908	101.1200000	-176.7420000
478.5359807	101.8350000	-176.7300000
485.7458707	102.0440000	-176.7240000
492.9557607	101.8350000	-176.6520000
500.1656506	101.2690000	-177.0180000
507.3755406	101.0300000	-176.7480000
514.5854305	101.3880000	-176.7900000
521.7953205	100.6430000	-176.8860000
529.0052104	100.4040000	-176.8020000
536.2151004	100.1660000	-176.8740000
543.4249904	99.8084000	-177.0120000
550.6348803	99.9575000	-176.9460000
557.8447703	99.4508000	-176.8380000
565.0546602	100.3150000	-176.6340000
572.2645502	99.9277000	-176.4960000
579.4744401	99.0336000	-177.3180000
586.6843301	98.9740000	-176.7900000
593.8942200	99.1230000	-176.8740000
601.1041100	99.6594000	-177.0360000
608.3140000	98.7058000	-176.7540000
615.5238899	98.5567000	-177.0240000
622.7337799	98.4673000	-177.1200000
629.9436698	97.6031000	-176.9580000
637.1535598	98.1395000	-176.8920000
644.3634497	98.0501000	-177.0180000
651.5733397	97.8713000	-177.1980000
658.7832297	97.2752000	-176.6340000
665.9931196	97.5435000	-176.8380000
673.2030096	97.2156000	-176.9700000
680.4128995	96.3812000	-176.7300000
687.6227895	97.0666000	-177.0540000
694.8326794	97.0070000	-176.9640000
702.0425694	96.6494000	-176.6280000
709.2524594	95.7553000	-177.3300000
716.4623493	95.7553000	-177.0180000
723.6722393	95.9341000	-177.1140000
730.8821292	96.0235000	-176.8560000
738.0920192	96.4408000	-176.8800000
745.3019091	95.2487000	-176.9640000
752.5117991	96.0235000	-176.9580000
759.7216891	96.0832000	-176.9100000
766.9315790	95.3977000	-177.0240000
774.1414690	95.6957000	-176.9820000
781.3513589	94.7420000	-176.8680000
788.5612489	94.1758000	-177.0720000
795.7711388	94.7420000	-177.0480000
802.9810288	94.3248000	-176.6460000
810.1909188	94.2652000	-176.6880000
817.4008087	93.8480000	-177.0900000
824.6106987	93.9672000	-176.7780000
831.8205886	93.8480000	-176.7660000
839.0304786	93.4605000	-176.9700000
846.2403685	93.1923000	-176.9880000
853.4502585	93.4009000	-176.8380000
860.6601485	92.8645000	-176.8380000
867.8700384	92.9539000	-177.2760000
875.0799284	93.1327000	-176.7600000
882.2898183	92.4473000	-177.2640000
889.4997083	92.6261000	-176.9460000
896.7095982	92.5665000	-177.0060000
903.9194882	92.6857000	-177.0540000
911.1293782	92.3281000	-177.1140000
918.3392681	91.7022000	-176.9580000
925.5491581	92.0598000	-177.1560000
932.7590480	91.3148000	-177.1980000
939.9689380	91.9108000	-177.3600000
947.1788279	91.0764000	-177.1200000
954.3887179	91.2254000	-176.9520000
961.5986079	90.8081000	-177.3360000
968.8084978	91.2254000	-176.9820000
976.0183878	91.1360000	-177.2640000
983.2282777	90.7485000	-176.8140000
990.4381677	91.2850000	-176.9760000
997.6480576	90.5399000	-177.3060000
1004.8579476	90.9274000	-177.3420000
1012.0678376	89.7651000	-177.1380000
1019.2777275	90.5697000	-176.8260000
1026.4876175	89.9141000	-177.2280000
1033.6975074	89.7055000	-177.0240000
1040.9073974	89.3478000	-177.2820000
1048.1172873	89.3478000	-176.7060000
1055.3271773	88.6624000	-177.0600000
1062.5370673	89.1690000	-177.1620000
1069.7469572	88.8710000	-177.1920000
1076.9568472	88.8710000	-177.1440000
1084.1667371	88.7220000	-177.1920000
1091.3766271	88.1855000	-177.4800000
1098.5865170	88.3047000	-177.4440000
1105.7964070	87.5895000	-176.8500000
1113.0062970	87.8279000	-177.1800000
1120.2161869	88.3942000	-177.3900000
1127.4260769	88.3345000	-177.1740000
1134.6359668	88.0365000	-177.3060000
1141.8458568	88.0663000	-177.0900000
1149.0557467	87.6491000	-177.0900000
1156.2656367	86.9636000	-177.3540000
1163.4755266	86.8742000	-177.4800000
1170.6854166	86.2484000	-177.0000000
1177.8953066	87.5895000	-177.2640000
1185.1051965	86.5166000	-177.3300000
1192.3150865	87.0530000	-177.2040000
1199.5249764	87.1723000	-177.4620000
1206.7348664	86.0696000	-177.1620000
1213.9447563	86.3676000	-177.4560000
1221.1546463	86.6656000	-177.3780000
1228.3645363	86.0100000	-177.4380000
1235.5744262	86.4570000	-177.1200000
1242.7843162	85.6821000	-177.6060000
1249.9942061	85.2351000	-177.3000000
1257.2040961	85.6523000	-177.2220000
1264.4139860	85.8610000	-177.0660000
1271.6238760	84.9371000	-177.3120000
1278.8337660	85.4437000	-177.0480000
1286.0436559	84.9371000	-177.1740000
1293.2535459	84.0728000	-177.5100000
1300.4634358	84.5795000	-177.3720000
1307.6733258	84.4900000	-177.4800000
1314.8832157	84.6093000	-177.6180000
1322.0931057	84.4304000	-177.0120000
1329.3029957	84.3708000	-177.3780000
1336.5128856	84.4602000	-177.1740000
1343.7227756	84.1324000	-177.1620000
1350.9326655	84.0728000	-177.4320000
1358.1425555	83.8642000	-177.4260000
1365.3524454	84.2218000	-177.1980000
1372.5623354	83.6854000	-177.5400000
1379.7722254	83.3278000	-177.3180000
1386.9821153	83.5662000	-176.9820000
1394.1920053	82.8807000	-177.5100000
1401.4018952	83.4768000	-177.2880000
